570
730
578080
440
1172470
1623730
1063730
1938090
2358720
271590
550
1599340
252490
553850
236390
1245620
105600
291550
1086940
431960
4000
359550
1085660
340
346110
230410
892970
1091500
945360
218620
901583
238960
242760
1203220
322330
304930
899770
381210
1097150
292030
413150
291480
49520
444090
438100
227300
10
272060
739630
620
227940
990080
1966720
1240440
1517290
70
252950
582010
320
108600
1468810
444200
648800
755790
1174180
386360
400
550650
239140
100
250900
814380
367520
433850
251570
1222670
219990
261550
304050
377160
532210
477160
107410
1811260
289070
255710
218230
221100
1238810
1089350
1326470
96000
632360
1046930
322170
275850
301520
224260
80
374320
394360
466240
300
489830
370910
278360
275390
220
40
417910
264710
700330
284160
311210
1172620
976730
72850
1407200
10180
588430
203160
333930
883710
22380
387990
8930
582660
1446780
2050650
1293830
219640
236850
244210
365590
1818750
363970
844870
225840
273350
253710
1794680
242050
1145360
319630
813820
306130
221380
420
2881650
1426210
238460
231430
594570
1229490
268500
601150
1286830
308600
8870
500
629760
109600
379720
588650
677620
435150
1118200
1100600
268910
346900
1049590
863550
698780
779340
273110
555570
1593500
427520
868270
782330
594650
513710
391540
241930
424840
1551360
232770
391220
208090
294100
646570
518790
534380
1237970
526870
1332010
2630
766570
360
48700
15700
113400
6060
285800
206420
304390
1151340
386180
1116170
12210
365670
466560
223750
552500
252130
211820
1868140
200210
262060
8190
42910
960090
812140
1225330
1250
351940
238320
222880
39210
1677740
1716740
508440
397540
57300
630
761890
1238840
355840
204360
20920
212680
1721470
744900
380600
281990
504370
244850
1366540
1144200
220240
813780
3590
33930
1145350
323190
202970
24240
1506830
397900
871720
1604030
212500
2195250
1817070
311690
620980
304430
205100
2183900
674940
671860
1180380
55150
63380
552520
1196590
234140
546560
962130
8500
7670
1172380
601510
223470
261640
12120
884660
208650
201270
1832640
1222680
302830
240
203770
457140
613100
236870
506540
389730
233450
312990
274190
1056960
356190
10090
20900
220200
225540
312660
376210
265630
516750
1260320
245170
881020
214950
9480
439190
339610
418460
211500
219150
424370
359320
335240
209080
1222140
99900
207610
1259420
298110
200510
918570
380
232090
1057090
50
35720
409710
440900
223710
299360
50130
219740
4560
307780
224600
17410
880940
728880
233130
355180
436150
285900
403640
362890
1454400
247080
460930
678950
368230
287700
361420
33230
379430
1142710
209870
262410
335300
391720
274170
213670
418370
386940
203140
767560
905370
838350
976310
12100
265930
438740
204880
1943950
1158310
617290
471710
269210
240720
214490
282440
1371980
372000
289650
1056640
65800
475150
686810
331470
1289310
548430
239030
703080
992300
364360
235460
581320
367500
407530
967050
1372880
286690
1272080
233860
1361210
439700
55230
412020
550900
646910
648350
242720
316010
287390
1274570
11020
286160
24200
641990
105450
248570
286940
203290
1366800
427730
221910
282070
286570
238090
55100
201790
1790600
279720
530700
221040
207140
295110
1363080
305620
209000
524220
848450
434650
644560
1515950
17390
12200
1092790
1569040
33900
1254120
1203620
644930
261570
881100
42700
787860
48000
1466860
201810
2670630
1217060
1250410
19680
1520470
1263850
841370
12220
1128810
414340
310950
259080
310560
12110
740130
1248130
388410
280
325610
242920
319510
783770
202170
774171
1888160
50300
236110
40800
570940
303390
210770
35700
254700
216150
470220
225260
552990
612880
1408720
9900
2322010
1167630
268420
244450
323580
7940
464920
204300
265590
1840
343710
1030840
611500
493340
282140
815370
15620
1904540
952060
823130
204450
433340
1304930
1399780
50620
47780
640820
204100
238010
2054970
35140
1313140
39120
1284210
337000
632470
200710
330020
266840
414700
387290
482730
65930
645630
1942280
1637320
502500
1222700
307690
383870
1029690
3830
38400
454650
393380
900883
460950
47890
975370
606150
342200
2186680
738060
317360
504230
204340
1277400
630100
436520
368260
40990
395170
1364780
41700
234650
312530
485510
585690
554620
308040
17470
629520
424280
104900
480490
893520
637650
495420
349040
858820
409720
788100
1139900
736590
1824220
563560
287290
1151640
24960
544810
1343400
949230
67370
389430
212160
270880
680420
113020
206440
200260
8980
453480
346010
368500
431240
1619450
238370
57690
845070
21690
13520
872790
365450
32370
268050
332950
22330
349700
977950
10500
206500
3070070
633230
289130
130
319830
391460
2215430
1262580
208140
6860
1536610
606280
302510
1404210
2479810
311560
291650
113420
1627140
442080
1509960
476600
239820
706990
602960
683320
327690
412220
17330
24740
228280
239160
627690
493520
569480
22370
1466640
228380
9010
638970
110800
417860
2280
248820
298240
621060
488790
924970
492720
537180
1213210
1659040
39500
1549970
2379780
9340
636480
242860
304670
447040
638070
214420
304240
224540
102600
280790
1557740
47810
324800
22320
287450
582500
519860
637090
447820
1286680
1611910
1049410
961200
312520
491950
460790
322500
1377580
392160
809960
6000
392110
2100
1284410
1533390
1313860
438040
232890
34030
314160
364470
235600
582160
48190
40100
1687950
635260
4920
265210
360970
527230
459820
629730
285190
15100
65980
2310
225080
834910
1384160
253980
394510
47790
774861
527430
214560
24010
237930
1522820
17080
237310
389570
704270
251060
752590
311860
41500
20570
870780
34270
208580
851850
4570
979690
1475810
218680
2399830
207230
113200
1237950
323470
1089090
568220
1147560
215080
1353950
942970
6880
378540
19900
10680
96100
2322560
4700
243470
235540
224760
65790
206480
736220
1562430
17460
535930
443110
373420
510840
2567870
704850
476480
334230
270150
228200
1262350
1483870
32800
1343370
1061910
4500
544730
427270
1282100
1184370
292910
1089980
418240
1030830
292730
346330
263500
1178830
311340
933110
56437
1380400
240320
701160
350640
622650
1241100
383150
39140
8850
220440
297000
17300
241600
298630
774361
418070
601430
1282730
1290000
6850
921630
108710
674020
209670
32430
1150690
245620
1476970
666220
2231450
599140
555160
261110
4760
805550
445980
6020
474960
955050
447020
237110
529340
1238000
444640
1016920
753640
209160
939960
253900
301640
41000
1755910
657200
1113000
242700
302670
690790
34870
837470
250400
6910
257350
55110
410320
231060
337320
257510
239350
462780
2835570
843380
899440
603850
515690
26800
22350
323850
673130
673950
24780
17480
239200
1094520
226840
475550
278080
1190000
334210
921060
1987080
678960
4580
446800
246900
590380
613010
460920
1621690
70000
293540
38420
747660
1129580
1676130
1388770
374040
265550
1147550
552100
9450
202750
230230
3910
242640
107100
823500
249130
6900
2096600
1335200
560130
1929610
780310
448470
339280
234630
212740
262280
40970
313120
544750
490220
8230
920210
1296830
1307550
640590
2400
12810
429470
1301720
40950
3900
450540
654880
377300
512900
31280
274520
431730
20510
361280
226700
1211020
668580
304030
1266680
1259970
1057240
21110
